He
a = 0.0341 and b = 0.0237

Temperature	IdealPressure  	VanPressure	PrecentError 
100.00		8.210		8.375		-1.972

125.00		10.263		10.478		-2.052

150.00		12.315		12.580		-2.105

175.00		14.368		14.682		-2.143

200.00		16.420		16.785		-2.172

225.00		18.473		18.887		-2.194

250.00		20.525		20.989		-2.211

275.00		22.578		23.091		-2.226

300.00		24.630		25.194		-2.238

325.00		26.683		27.296		-2.248

350.00		28.735		29.398		-2.257

375.00		30.788		31.501		-2.264

400.00		32.840		33.603		-2.271

425.00		34.893		35.705		-2.277

450.00		36.945		37.808		-2.282

475.00		38.998		39.910		-2.287

500.00		41.050		42.012		-2.291

H2
a = 0.2440 and b = 0.0266

Temperature	IdealPressure  	VanPressure	PrecentError 
100.00		8.210		8.190		0.240

125.00		10.263		10.299		-0.354

150.00		12.315		12.408		-0.746

175.00		14.368		14.516		-1.024

200.00		16.420		16.625		-1.231

225.00		18.473		18.733		-1.392

250.00		20.525		20.842		-1.520

275.00		22.578		22.950		-1.625

300.00		24.630		25.059		-1.712

325.00		26.683		27.168		-1.786

350.00		28.735		29.276		-1.849

375.00		30.788		31.385		-1.903

400.00		32.840		33.493		-1.951

425.00		34.893		35.602		-1.993

450.00		36.945		37.711		-2.030

475.00		38.998		39.819		-2.064

500.00		41.050		41.928		-2.094

O2
a = 1.3600 and b = 0.0318

Temperature	IdealPressure  	VanPressure	PrecentError 
100.00		8.210		7.120		15.315

125.00		10.263		9.240		11.071

150.00		12.315		11.359		8.412

175.00		14.368		13.479		6.589

200.00		16.420		15.599		5.261

225.00		18.473		17.719		4.251

250.00		20.525		19.839		3.457

275.00		22.578		21.959		2.816

300.00		24.630		24.079		2.288

325.00		26.683		26.199		1.846

350.00		28.735		28.319		1.470

375.00		30.788		30.439		1.146

400.00		32.840		32.559		0.864

425.00		34.893		34.679		0.617

450.00		36.945		36.798		0.398

475.00		38.998		38.918		0.203

500.00		41.050		41.038		0.029

CO2
a = 3.5900 and b = 0.0427

Temperature	IdealPressure  	VanPressure	PrecentError 
100.00		8.210		4.986		64.654

125.00		10.263		7.130		43.929

150.00		12.315		9.274		32.786

175.00		14.368		11.418		25.828

200.00		16.420		13.562		21.070

225.00		18.473		15.706		17.611

250.00		20.525		17.851		14.983

275.00		22.578		19.995		12.918

300.00		24.630		22.139		11.254

325.00		26.683		24.283		9.883

350.00		28.735		26.427		8.735

375.00		30.788		28.571		7.759

400.00		32.840		30.715		6.919

425.00		34.893		32.859		6.189

450.00		36.945		35.003		5.548

475.00		38.998		37.147		4.982

500.00		41.050		39.291		4.477

H2O
a = 5.4600 and b = 0.0305

Temperature	IdealPressure  	VanPressure	PrecentError 
100.00		8.210		3.008		172.913

125.00		10.263		5.125		100.230

150.00		12.315		7.242		70.040

175.00		14.368		9.359		53.507

200.00		16.420		11.477		43.074

225.00		18.473		13.594		35.891

250.00		20.525		15.711		30.643

275.00		22.578		17.828		26.642

300.00		24.630		19.945		23.491

325.00		26.683		22.062		20.944

350.00		28.735		24.179		18.843

375.00		30.788		26.296		17.080

400.00		32.840		28.413		15.580

425.00		34.893		30.530		14.288

450.00		36.945		32.647		13.164

475.00		38.998		34.764		12.177

500.00		41.050		36.881		11.303

